prontuario
10010001
10010002
10010003
10010004
10010005
10010006
10010007
10010008
10010009
10010010
